   1.0000000474974513E-003    0.94458237462362138     
   2.0000000949949026E-003    0.92229179737524059     
   3.0000001424923539E-003    0.86517730815539484     
   4.0000001899898052E-003    0.97538419000626375     
   5.0000002374872565E-003    0.90744445423058717     
   6.0000002849847078E-003    0.98054422431095456     
   7.0000003324821591E-003    0.95306128804019852     
   8.0000003799796104E-003    0.87831102213647660     
   9.0000004274770617E-003    0.82458493474168404     
   1.0000000474974513E-002    0.96558610325006966     
   1.1000000522471964E-002    0.92397191402378342     
   1.2000000569969416E-002    0.89936813513139779     
   1.3000000617466867E-002    0.79691667417067980     
   1.4000000664964318E-002    0.93208525507926743     
   1.5000000712461770E-002    0.96575821138234452     
   1.6000000759959221E-002    0.97572802375539358     
   1.7000000807456672E-002    0.81420320819511505     
   1.8000000854954123E-002    0.94219182601193574     
   1.9000000902451575E-002    0.91624837796117675     
   2.0000000949949026E-002    0.94049015182141082     
   2.1000000997446477E-002    0.80555344761316316     
   2.2000001044943929E-002    0.92953312091912677     
   2.3000001092441380E-002    0.82247550731576147     
   2.4000001139938831E-002    0.82449763147490163     
   2.5000001187436283E-002    0.87420714523830301     
   2.6000001234933734E-002    0.93909777983211917     
   2.7000001282431185E-002    0.87764099323300149     
   2.8000001329928637E-002    0.80853522080920903     
   2.9000001377426088E-002    0.88607654011275883     
   3.0000001424923539E-002    0.75132131636656518     
   3.1000001472420990E-002    0.82854900084572003     
   3.2000001519918442E-002    0.77033282962127880     
   3.3000001567415893E-002    0.76261358761825626     
   3.4000001614913344E-002    0.89802247442053107     
   3.5000001662410796E-002    0.81703754754111857     
   3.6000001709908247E-002    0.82083916229977882     
   3.7000001757405698E-002    0.83305558960260129     
   3.8000001804903150E-002    0.86087240908307983     
   3.9000001852400601E-002    0.85514558489772363     
   4.0000001899898052E-002    0.83963373436426680     
   4.1000001947395504E-002    0.70763146823425116     
   4.2000001994892955E-002    0.84735964823017063     
   4.3000002042390406E-002    0.67036484691047138     
   4.4000002089887857E-002    0.82255646363866886     
   4.5000002137385309E-002    0.68678953338034221     
   4.6000002184882760E-002    0.69018689898828611     
   4.7000002232380211E-002    0.66783113145083972     
   4.8000002279877663E-002    0.63636787778376724     
   4.9000002327375114E-002    0.73870626772168235     
   5.0000002374872565E-002    0.63124992821085879     
   5.1000002422370017E-002    0.67029158529017474     
   5.2000002469867468E-002    0.64822639036268670     
   5.3000002517364919E-002    0.73082275132656482     
   5.4000002564862370E-002    0.76717586736181120     
   5.5000002612359822E-002    0.67969756860495956     
   5.6000002659857273E-002    0.62332981046338121     
   5.7000002707354724E-002    0.68713956258103759     
   5.8000002754852176E-002    0.59787014762278989     
   5.9000002802349627E-002    0.70886799260925593     
   6.0000002849847078E-002    0.69072138322642507     
   6.1000002897344530E-002    0.69922372253759635     
   6.2000002944841981E-002    0.53105147519208074     
   6.3000002992339432E-002    0.50543341659485985     
   6.4000003039836884E-002    0.67553292489886840     
   6.5000003087334335E-002    0.53550144468946992     
   6.6000003134831786E-002    0.66498859014973533     
   6.7000003182329237E-002    0.61143017797605637     
   6.8000003229826689E-002    0.50243259860786071     
   6.9000003277324140E-002    0.59559731458899201     
   7.0000003324821591E-002    0.57246292996745440     
   7.1000003372319043E-002    0.42796548735918832     
   7.2000003419816494E-002    0.42555932923819140     
   7.3000003467313945E-002    0.41793675702228489     
   7.4000003514811397E-002    0.57753615900904864     
   7.5000003562308848E-002    0.44991388474377270     
   7.6000003609806299E-002    0.57403360703798800     
   7.7000003657303751E-002    0.48621138528390850     
   7.8000003704801202E-002    0.42304353261606303     
   7.9000003752298653E-002    0.43134925816057168     
   8.0000003799796104E-002    0.37351756127302899     
   8.1000003847293556E-002    0.39460796772940854     
   8.2000003894791007E-002    0.48094170528695340     
   8.3000003942288458E-002    0.30628097639805080     
   8.4000003989785910E-002    0.36298365160566121     
   8.5000004037283361E-002    0.47993442210722692     
   8.6000004084780812E-002    0.29510465782933010     
   8.7000004132278264E-002    0.36328405075257919     
   8.8000004179775715E-002    0.40522456201759788     
   8.9000004227273166E-002    0.27034494953794391     
   9.0000004274770617E-002    0.30937091110234055     
   9.1000004322268069E-002    0.34002910180201207     
   9.2000004369765520E-002    0.26250304058617480     
   9.3000004417262971E-002    0.23275780297202994     
   9.4000004464760423E-002    0.32408524152125878     
   9.5000004512257874E-002    0.32220514387334481     
   9.6000004559755325E-002    0.18999657927227462     
   9.7000004607252777E-002    0.20393042677170825     
   9.8000004654750228E-002    0.17939003824604763     
   9.9000004702247679E-002    0.23237497517706218     
  0.10000000474974513         0.13676910710082985     
  0.10100000479724258         0.12809106669108394     
  0.10200000484474003         0.13488998579851816     
  0.10300000489223748         0.25171551704078043     
  0.10400000493973494         0.14131249924758402     
  0.10500000498723239         0.12547588133195883     
  0.10600000503472984         0.17966248445231109     
  0.10700000508222729         0.17385619315416431     
  0.10800000512972474          9.5520557497344269E-002
  0.10900000517722219          1.1773141284208298E-002
  0.11000000522471964         0.13415550504546389     
  0.11100000527221709          1.0161470166671929E-002
  0.11200000531971455         0.13496105008709433     
  0.11300000536721200         -1.2486646619407026E-003
  0.11400000541470945         0.11120698907322478     
  0.11500000546220690         -5.9036110662792698E-002
  0.11600000550970435          1.9164114630981732E-002
  0.11700000555720180          1.6163174482107596E-002
  0.11800000560469925         -3.5560048597069356E-002
  0.11900000565219671         -9.5912965983065646E-002
  0.12000000569969416          3.7707149280636856E-002
  0.12100000574719161        -0.12422817291375267     
  0.12200000579468906        -0.12018518747879439     
  0.12300000584218651          1.5551560135061569E-002
  0.12400000588968396        -0.17224018595576401     
  0.12500000593718141         -3.6877132063137856E-002
  0.12600000598467886        -0.20494339860642505     
  0.12700000603217632        -0.10935467812786545     
  0.12800000607967377        -0.19900871020641547     
  0.12900000612717122        -0.12903649061284700     
  0.13000000617466867        -0.12134557853989889     
  0.13100000622216612        -0.20890080400642100     
  0.13200000626966357        -0.26440805724464816     
  0.13300000631716102        -0.28950101254309862     
  0.13400000636465847        -0.17566474142170835     
  0.13500000641215593        -0.14394035650623088     
  0.13600000645965338        -0.26610410861307182     
  0.13700000650715083        -0.31911820521164841     
  0.13800000655464828        -0.33899709656575550     
  0.13900000660214573        -0.25419828079636109     
  0.14000000664964318        -0.28375433969985381     
  0.14100000669714063        -0.33966992345526392     
  0.14200000674463809        -0.31673727366277998     
  0.14300000679213554        -0.42238771689058041     
  0.14400000683963299        -0.38656478993856030     
  0.14500000688713044        -0.40237044896686591     
  0.14600000693462789        -0.36837890929600109     
  0.14700000698212534        -0.45219196829831021     
  0.14800000702962279        -0.37061080983106953     
  0.14900000707712024        -0.43243700471633384     
  0.15000000712461770        -0.49769248830148421     
  0.15100000717211515        -0.38800574312681935     
  0.15200000721961260        -0.44434097640112769     
  0.15300000726711005        -0.48326644574712652     
  0.15400000731460750        -0.39961722771254243     
  0.15500000736210495        -0.51871883415833719     
  0.15600000740960240        -0.41613053289805757     
  0.15700000745709985        -0.54770653483997500     
  0.15800000750459731        -0.48786222018193015     
  0.15900000755209476        -0.46424592214772170     
  0.16000000759959221        -0.59431866955731738     
  0.16100000764708966        -0.47662048019151065     
  0.16200000769458711        -0.60237648288457490     
  0.16300000774208456        -0.62221118151434973     
  0.16400000778958201        -0.61317061423377484     
  0.16500000783707947        -0.51698630648217614     
  0.16600000788457692        -0.64570409549666519     
  0.16700000793207437        -0.58153147415171047     
  0.16800000797957182        -0.51675352245759987     
  0.16900000802706927        -0.61469941517757964     
  0.17000000807456672        -0.57723871439064189     
  0.17100000812206417        -0.55426277224577958     
  0.17200000816956162        -0.59937834496543085     
  0.17300000821705908        -0.70857171428976484     
  0.17400000826455653        -0.65109435509191249     
  0.17500000831205398        -0.66404161677827300     
  0.17600000835955143        -0.63711004934372284     
  0.17700000840704888        -0.72593666012151303     
  0.17800000845454633        -0.74918117577677790     
  0.17900000850204378        -0.74711712524867269     
  0.18000000854954123        -0.82416861725589152     
  0.18100000859703869        -0.66237849152260264     
  0.18200000864453614        -0.78062257777390576     
  0.18300000869203359        -0.75139803447329678     
  0.18400000873953104        -0.75868264131415486     
  0.18500000878702849        -0.74347376748888172     
  0.18600000883452594        -0.87192801942750642     
  0.18700000888202339        -0.76436274446521169     
  0.18800000892952085        -0.71640206840584530     
  0.18900000897701830        -0.90835980649334280     
  0.19000000902451575        -0.89669656365961181     
  0.19100000907201320        -0.73918588886062819     
  0.19200000911951065        -0.85874329512107184     
  0.19300000916700810        -0.81829702677267024     
  0.19400000921450555        -0.77617606432310404     
  0.19500000926200300        -0.78896052115202431     
  0.19600000930950046        -0.82026220172680264     
  0.19700000935699791        -0.91525674147761205     
  0.19800000940449536        -0.96279019603729565     
  0.19900000945199281        -0.81839759026041270     
  0.20000000949949026        -0.87930009390019159     
  0.20100000954698771        -0.86257973877672445     
  0.20200000959448516        -0.98630464632465942     
  0.20300000964198261        -0.93899587421205077     
  0.20400000968948007        -0.91442214572271874     
  0.20500000973697752         -1.0018990621199089     
  0.20600000978447497        -0.94800352775711560     
  0.20700000983197242        -0.88745858909695174     
  0.20800000987946987        -0.92856089420675214     
  0.20900000992696732         -1.0308021573527464     
  0.21000000997446477        -0.98890553027143868     
  0.21100001002196223        -0.93030825230769232     
  0.21200001006945968        -0.90902220041966231     
  0.21300001011695713        -0.91919399258055734     
  0.21400001016445458        -0.99930358157068433     
  0.21500001021195203         -1.0948648217691450     
  0.21600001025944948         -1.0739266648574419     
  0.21700001030694693         -1.0485292067296603     
  0.21800001035444438         -1.0912633137861558     
  0.21900001040194184         -1.0498466379379721     
  0.22000001044943929         -1.1283455325127858     
  0.22100001049693674         -1.0831527551125864     
  0.22200001054443419         -1.0196800924190053     
  0.22300001059193164         -1.0053796483739388     
  0.22400001063942909         -1.1199350641854686     
  0.22500001068692654         -1.0176014054569766     
  0.22600001073442400        -0.97415567578657380     
  0.22700001078192145        -0.98365617528676852     
  0.22800001082941890        -0.99494327425830731     
  0.22900001087691635        -0.97708718985973819     
  0.23000001092441380         -1.1035319010359494     
  0.23100001097191125         -1.0548080622043947     
  0.23200001101940870         -1.1186067562597262     
  0.23300001106690615         -1.1269569953373535     
  0.23400001111440361        -0.99985369546288594     
  0.23500001116190106         -1.0989401163947623     
  0.23600001120939851         -1.1689270235449332     
  0.23700001125689596         -1.1702250881349743     
  0.23800001130439341         -1.1310972087405320     
  0.23900001135189086         -1.0712048218584396     
  0.24000001139938831         -1.0462076138507266     
  0.24100001144688576         -1.1329349135497488     
  0.24200001149438322         -1.0064595522816084     
  0.24300001154188067         -1.0198535119427536     
  0.24400001158937812         -1.0573932743297179     
  0.24500001163687557         -1.1576392645190423     
  0.24600001168437302         -1.0069807675151847     
  0.24700001173187047         -1.1533268676315249     
  0.24800001177936792         -1.1062383681155963     
  0.24900001182686538         -1.0563790435339351     
  0.25000001187436283         -1.0901652351021487     
  0.25100001192186028         -1.0073473985806796     
  0.25200001196935773         -1.0149169372288271     
  0.25300001201685518         -1.0167250627329825     
  0.25400001206435263         -1.0389844817215967     
  0.25500001211185008         -1.0389168369674266     
  0.25600001215934753         -1.0380097113404751     
  0.25700001220684499         -1.1763511965813733     
  0.25800001225434244         -1.1126261106199697     
  0.25900001230183989         -1.1593135364322589     
  0.26000001234933734         -1.1498010977047846     
  0.26100001239683479         -1.0263171617662545     
  0.26200001244433224         -1.0168385055777656     
  0.26300001249182969         -1.1223644781628730     
  0.26400001253932714         -1.1348543478553639     
  0.26500001258682460         -1.1078049147695015     
  0.26600001263432205         -1.1563948553153729     
  0.26700001268181950         -1.0832445099996411     
  0.26800001272931695         -1.1212373607184669     
  0.26900001277681440         -1.1363184568442777     
  0.27000001282431185         -1.0599337498479813     
  0.27100001287180930         -1.0959641429523053     
  0.27200001291930676         -1.0636505180686029     
  0.27300001296680421         -1.1352554028851594     
  0.27400001301430166         -1.1184622451923747     
  0.27500001306179911         -1.1394752116535063     
  0.27600001310929656         -1.1020373957999621     
  0.27700001315679401         -1.0058424513086497     
  0.27800001320429146         -1.0928081527252851     
  0.27900001325178891         -1.0632077248983975     
  0.28000001329928637        -0.99761153302010863     
  0.28100001334678382         -1.0302841243735332     
  0.28200001339428127        -0.93500816367583317     
  0.28300001344177872         -1.0632307698964953     
  0.28400001348927617        -0.97378517444084189     
  0.28500001353677362        -0.96359525843214577     
  0.28600001358427107         -1.0186676422798071     
  0.28700001363176852        -0.93941720793325578     
  0.28800001367926598         -1.0825447402755968     
  0.28900001372676343        -0.90456072847553559     
  0.29000001377426088        -0.96201669333413642     
  0.29100001382175833         -1.0007176568956679     
  0.29200001386925578        -0.94954859121576196     
  0.29300001391675323        -0.96247016894890136     
  0.29400001396425068         -1.0391262491870084     
  0.29500001401174814        -0.97750186745753909     
  0.29600001405924559        -0.89509963336104148     
  0.29700001410674304        -0.83938728525400619     
  0.29800001415424049        -0.98360433214226595     
  0.29900001420173794        -0.94478900409099686     
  0.30000001424923539        -0.86740878221223283     
  0.30100001429673284        -0.99524152789188480     
  0.30200001434423029        -0.88506216582235253     
  0.30300001439172775        -0.83284358404358239     
  0.30400001443922520        -0.83464588751948121     
  0.30500001448672265        -0.85115027531860143     
  0.30600001453422010        -0.83263485434425399     
  0.30700001458171755        -0.88044943701097900     
  0.30800001462921500        -0.76057703848571756     
  0.30900001467671245        -0.92687286787074574     
  0.31000001472420990        -0.90205016728885634     
  0.31100001477170736        -0.90536932178836782     
  0.31200001481920481        -0.82400027762517636     
  0.31300001486670226        -0.89899365776262130     
  0.31400001491419971        -0.84566149108958621     
  0.31500001496169716        -0.68964580376754347     
  0.31600001500919461        -0.77286600724914256     
  0.31700001505669206        -0.71043722798293285     
  0.31800001510418952        -0.71803830118659284     
  0.31900001515168697        -0.68430706225958238     
  0.32000001519918442        -0.72127209120927405     
  0.32100001524668187        -0.66689348333144893     
  0.32200001529417932        -0.69231029842775782     
  0.32300001534167677        -0.70515291211765996     
  0.32400001538917422        -0.62259126559790678     
  0.32500001543667167        -0.69481535040211051     
  0.32600001548416913        -0.63666521160305334     
  0.32700001553166658        -0.73964166122701791     
  0.32800001557916403        -0.62956322291477917     
  0.32900001562666148        -0.61182148608401921     
  0.33000001567415893        -0.57439526636285032     
  0.33100001572165638        -0.55054448433674630     
  0.33200001576915383        -0.71039024925128402     
  0.33300001581665128        -0.65249540911912118     
  0.33400001586414874        -0.59243352995402854     
  0.33500001591164619        -0.64877172036317710     
  0.33600001595914364        -0.54768495763327874     
  0.33700001600664109        -0.48486563155234352     
  0.33800001605413854        -0.63187621648752890     
  0.33900001610163599        -0.60890302313073064     
  0.34000001614913344        -0.45944656475576123     
  0.34100001619663090        -0.46575482630400600     
  0.34200001624412835        -0.53892928832232134     
  0.34300001629162580        -0.53267424003316299     
  0.34400001633912325        -0.42379644448771958     
  0.34500001638662070        -0.37322674052524080     
  0.34600001643411815        -0.51467291654761449     
  0.34700001648161560        -0.44338152360857236     
  0.34800001652911305        -0.43820906734892551     
  0.34900001657661051        -0.40802830555444691     
  0.35000001662410796        -0.34696695662163185     
  0.35100001667160541        -0.32815403022314371     
  0.35200001671910286        -0.39746491596021044     
  0.35300001676660031        -0.35305854301354578     
  0.35400001681409776        -0.41805916223820722     
  0.35500001686159521        -0.41177664658182633     
  0.35600001690909266        -0.24161150853854746     
  0.35700001695659012        -0.35604080402552757     
  0.35800001700408757        -0.27720128867953769     
  0.35900001705158502        -0.32397145891992707     
  0.36000001709908247        -0.25616068681428883     
  0.36100001714657992        -0.35607302313913436     
  0.36200001719407737        -0.27511865960593873     
  0.36300001724157482        -0.23240379739652967     
  0.36400001728907228        -0.31289690697748468     
  0.36500001733656973        -0.14800897684685521     
  0.36600001738406718        -0.23050755535419151     
  0.36700001743156463        -0.26983172413168227     
  0.36800001747906208        -0.17670668982857649     
  0.36900001752655953         -7.6051202047393435E-002
  0.37000001757405698        -0.24382798341763445     
  0.37100001762155443        -0.15278031048700158     
  0.37200001766905189        -0.16608629717356382     
  0.37300001771654934        -0.18522667096460677     
  0.37400001776404679        -0.16199290612255679     
  0.37500001781154424         -2.3400666996755099E-002
  0.37600001785904169         -8.9147023198116335E-002
  0.37700001790653914         -7.3077595265185355E-002
  0.37800001795403659        -0.14545832071536377     
  0.37900001800153404        -0.13298797368724685     
  0.38000001804903150        -0.12893465866791320     
  0.38100001809652895         -5.6439824683829846E-002
  0.38200001814402640          7.9701885370975847E-002
  0.38300001819152385         -7.1269543780300176E-002
  0.38400001823902130         0.10014946510460671     
  0.38500001828651875         -4.6635103384641406E-002
  0.38600001833401620          5.9148902653853419E-002
  0.38700001838151366          1.7764731257027794E-002
  0.38800001842901111          8.6329277143771893E-002
  0.38900001847650856          6.1495646693374442E-002
  0.39000001852400601         0.12537300946871235     
  0.39100001857150346          1.9819904249965575E-002
  0.39200001861900091         0.19309401164409984     
  0.39300001866649836         0.14559909439414057     
  0.39400001871399581         0.19567632817235103     
  0.39500001876149327         0.13535315720863925     
  0.39600001880899072         0.20361091875016904     
  0.39700001885648817         0.19162456810573911     
  0.39800001890398562         0.20922306412235592     
  0.39900001895148307         0.18418054732626102     
  0.40000001899898052         0.24729912898927336     
  0.40100001904647797         0.22243675123559328     
  0.40200001909397542         0.32144166257606316     
  0.40300001914147288         0.31035649539722143     
  0.40400001918897033         0.29764115101674865     
  0.40500001923646778         0.20188068540755946     
  0.40600001928396523         0.31286131634336423     
  0.40700001933146268         0.29821649152612789     
  0.40800001937896013         0.30389522641254685     
  0.40900001942645758         0.32693963728930275     
  0.41000001947395504         0.28325011040629805     
  0.41100001952145249         0.34265968230282046     
  0.41200001956894994         0.31854457648840995     
  0.41300001961644739         0.45512406911665143     
  0.41400001966394484         0.37607584701157970     
  0.41500001971144229         0.46121110987529246     
  0.41600001975893974         0.42745458555263111     
  0.41700001980643719         0.45857893050085613     
  0.41800001985393465         0.44961042669749063     
  0.41900001990143210         0.33658786815989328     
  0.42000001994892955         0.35189181622963361     
  0.42100001999642700         0.54557013364233831     
  0.42200002004392445         0.49810877110432594     
  0.42300002009142190         0.46693406085321043     
  0.42400002013891935         0.44298396991257027     
  0.42500002018641680         0.54928836820189297     
  0.42600002023391426         0.57511473087757081     
  0.42700002028141171         0.56650743940183279     
  0.42800002032890916         0.41822213118297502     
  0.42900002037640661         0.51476624478227551     
  0.43000002042390406         0.49891193039353987     
  0.43100002047140151         0.46935226618812481     
  0.43200002051889896         0.58471149035055858     
  0.43300002056639642         0.46986462699440285     
  0.43400002061389387         0.62309574197697548     
  0.43500002066139132         0.53106854522952796     
  0.43600002070888877         0.57439577300156353     
  0.43700002075638622         0.53587651274566139     
  0.43800002080388367         0.54480885778018440     
  0.43900002085138112         0.53690781791067310     
  0.44000002089887857         0.69970708505755197     
  0.44100002094637603         0.73373942384591229     
  0.44200002099387348         0.71657140113269102     
  0.44300002104137093         0.73213976335987163     
  0.44400002108886838         0.72737207679291338     
  0.44500002113636583         0.73699047696704933     
  0.44600002118386328         0.75672146131367057     
  0.44700002123136073         0.78321495350897663     
  0.44800002127885818         0.73348583624865094     
  0.44900002132635564         0.69699422758581897     
  0.45000002137385309         0.65029178934030296     
  0.45100002142135054         0.71717572660685203     
  0.45200002146884799         0.77776753353143901     
  0.45300002151634544         0.65295917187052377     
  0.45400002156384289         0.69284185905752271     
  0.45500002161134034         0.69919522718812521     
  0.45600002165883780         0.80192329966863118     
  0.45700002170633525         0.71410822392969686     
  0.45800002175383270         0.82637375612421360     
  0.45900002180133015         0.76884562691343050     
  0.46000002184882760         0.68220326141120080     
  0.46100002189632505         0.78241807531243734     
  0.46200002194382250         0.71614758140408419     
  0.46300002199131995         0.87358982128392348     
  0.46400002203881741         0.72664467382470910     
  0.46500002208631486         0.71405260539272009     
  0.46600002213381231         0.76043006894661436     
  0.46700002218130976         0.90919376800385454     
  0.46800002222880721         0.87840124261879748     
  0.46900002227630466         0.87452863197592545     
  0.47000002232380211         0.75662396449547953     
  0.47100002237129956         0.75640622666672697     
  0.47200002241879702         0.78905911920681882     
  0.47300002246629447         0.75698017517457927     
  0.47400002251379192         0.86831283581329233     
  0.47500002256128937         0.80125377673526277     
  0.47600002260878682         0.81777971764510371     
  0.47700002265628427         0.77128031874256997     
  0.47800002270378172         0.79166174627199826     
  0.47900002275127918         0.82299770482290058     
  0.48000002279877663         0.91924579017817876     
  0.48100002284627408         0.95648720653110242     
  0.48200002289377153         0.83819422478794892     
  0.48300002294126898         0.83204536290098496     
  0.48400002298876643         0.81928485021351727     
  0.48500002303626388         0.87738239453756561     
  0.48600002308376133         0.84674430531978417     
  0.48700002313125879         0.84401944088667391     
  0.48800002317875624         0.79075403716900394     
  0.48900002322625369         0.92189177713452297     
  0.49000002327375114         0.94044082185690470     
  0.49100002332124859         0.90945546815531597     
  0.49200002336874604         0.98662748928179100     
  0.49300002341624349         0.90105885495273785     
  0.49400002346374094         0.87475931477162772     
  0.49500002351123840         0.82745809794691838     
  0.49600002355873585         0.85057685040980624     
  0.49700002360623330         0.87160670021131326     
  0.49800002365373075         0.83441697204900744     
  0.49900002370122820         0.95335957057059473     
  0.50000002374872565         0.84092764556396726     
  0.50100002379622310         0.87090578625041004     
  0.50200002384372056         0.83968394249971923     
  0.50300002389121801         0.87499688732308367     
  0.50400002393871546         0.81289093172618720     
  0.50500002398621291         0.88361958372884941     
  0.50600002403371036         0.95673451725812753     
  0.50700002408120781         0.98395919907800911     
  0.50800002412870526         0.98021646211486269     
  0.50900002417620271         0.95058018203900352     
  0.51000002422370017         0.96839475821762688     
  0.51100002427119762         0.92996869819804495     
  0.51200002431869507         0.88829213522512762     
  0.51300002436619252         0.84346643895909579     
  0.51400002441368997         0.89507250205494548     
  0.51500002446118742         0.89441412520485253     
  0.51600002450868487         0.89774378246255104     
  0.51700002455618232         0.93463043322401917     
  0.51800002460367978         0.96456472841052376     
  0.51900002465117723         0.93961748518473132     
  0.52000002469867468         0.90628187981531516     
  0.52100002474617213         0.86956541949390020     
  0.52200002479366958         0.78039711901441167     
  0.52300002484116703         0.89581441001866291     
  0.52400002488866448         0.83376716799325612     
  0.52500002493616194         0.86914732460414834     
  0.52600002498365939         0.90128954307509146     
  0.52700002503115684         0.83737427718781887     
  0.52800002507865429         0.84883776644119702     
  0.52900002512615174         0.85342551699117941     
  0.53000002517364919         0.78830385726999730     
  0.53100002522114664         0.79774981219754038     
  0.53200002526864409         0.73121444385095569     
  0.53300002531614155         0.90247188958032898     
  0.53400002536363900         0.89972496880142616     
  0.53500002541113645         0.83460889216514811     
  0.53600002545863390         0.74606854953258173     
  0.53700002550613135         0.76764914804430329     
  0.53800002555362880         0.77822787241084246     
  0.53900002560112625         0.85268931734422138     
  0.54000002564862370         0.76028313172032724     
  0.54100002569612116         0.86599830261117428     
  0.54200002574361861         0.72296903686837444     
  0.54300002579111606         0.84163846265373854     
  0.54400002583861351         0.82181325436220376     
  0.54500002588611096         0.79955106412857779     
  0.54600002593360841         0.67691942132357075     
  0.54700002598110586         0.68568774891461381     
  0.54800002602860332         0.75677925120189427     
  0.54900002607610077         0.69732878524051989     
  0.55000002612359822         0.80485084803338913     
  0.55100002617109567         0.78560411888825377     
  0.55200002621859312         0.71106232499140465     
  0.55300002626609057         0.61923235286509193     
  0.55400002631358802         0.67214354329615200     
  0.55500002636108547         0.67599152694930686     
  0.55600002640858293         0.74153843970836719     
  0.55700002645608038         0.62459519654839535     
  0.55800002650357783         0.62007151950956940     
  0.55900002655107528         0.65245854870208131     
  0.56000002659857273         0.62244823018749706     
  0.56100002664607018         0.63784910991763510     
  0.56200002669356763         0.61321295661558228     
  0.56300002674106508         0.59852151298502332     
  0.56400002678856254         0.61293564076086171     
  0.56500002683605999         0.66873050437035841     
  0.56600002688355744         0.65214487066117788     
  0.56700002693105489         0.55254586737146683     
  0.56800002697855234         0.64025320072621428     
  0.56900002702604979         0.55211626689605975     
  0.57000002707354724         0.59224539905321183     
  0.57100002712104470         0.51795516107781381     
  0.57200002716854215         0.48796645069414823     
  0.57300002721603960         0.50010253890460954     
  0.57400002726353705         0.54361921125907819     
  0.57500002731103450         0.41395902644859911     
  0.57600002735853195         0.48698168449077167     
  0.57700002740602940         0.41141804417616856     
  0.57800002745352685         0.37762910895893220     
  0.57900002750102431         0.35770884307294964     
  0.58000002754852176         0.50576298727231039     
  0.58100002759601921         0.44983164833394329     
  0.58200002764351666         0.43264927723748792     
  0.58300002769101411         0.46238990055789092     
  0.58400002773851156         0.49232569742218751     
  0.58500002778600901         0.33863643158313139     
  0.58600002783350646         0.30673988648173384     
  0.58700002788100392         0.32339257369808855     
  0.58800002792850137         0.35640888485747635     
  0.58900002797599882         0.43269369720008560     
  0.59000002802349627         0.31180588394699221     
  0.59100002807099372         0.27171764288370887     
  0.59200002811849117         0.35881817759563472     
  0.59300002816598862         0.20864624555092384     
  0.59400002821348608         0.28838067153038244     
  0.59500002826098353         0.24328081159808088     
  0.59600002830848098         0.31605118771351554     
  0.59700002835597843         0.21066469639890070     
  0.59800002840347588         0.16885292126181281     
  0.59900002845097333         0.14288206435807940     
  0.60000002849847078         0.23726094813641604     
  0.60100002854596823         0.10190358231076128     
  0.60200002859346569         0.20937998992166856     
  0.60300002864096314         0.21246688022446550     
  0.60400002868846059          9.7522692854529205E-002
  0.60500002873595804         0.15844784814244806     
  0.60600002878345549         0.14731940067832605     
  0.60700002883095294         0.19193720697847272     
  0.60800002887845039         0.19077594485797605     
  0.60900002892594784         0.17621626914713495     
  0.61000002897344530         0.13805756858267415     
  0.61100002902094275         -2.6338571754967035E-005
  0.61200002906844020         0.11626093524876029     
  0.61300002911593765         0.11395539912750938     
  0.61400002916343510         -4.5763414395149110E-002
  0.61500002921093255         -5.2816433198044514E-002
  0.61600002925843000         -3.8837970733308309E-002
  0.61700002930592746         -1.6978142005968696E-002
  0.61800002935342491         -3.4036019499211978E-002
  0.61900002940092236         -7.3964534120239456E-002
  0.62000002944841981         -6.7160932284081321E-002
  0.62100002949591726         -3.3879358802180772E-002
  0.62200002954341471         -1.9054981173614666E-002
  0.62300002959091216         -8.1250338326672805E-002
  0.62400002963840961        -0.11354181130935412     
  0.62500002968590707         -8.5221695924934587E-002
  0.62600002973340452        -0.12413565700663799     
  0.62700002978090197        -0.16623863538438785     
  0.62800002982839942         -3.9541047936575854E-002
  0.62900002987589687        -0.14815565229652722     
  0.63000002992339432        -0.24906932377668553     
  0.63100002997089177        -0.25311546499520832     
  0.63200003001838923        -0.17193678010513150     
  0.63300003006588668        -0.11700063838949955     
  0.63400003011338413        -0.15400502532855537     
  0.63500003016088158        -0.30110725678175221     
  0.63600003020837903        -0.16256219548191117     
  0.63700003025587648        -0.28187487474643719     
  0.63800003030337393        -0.18223066647786837     
  0.63900003035087138        -0.27298513242718525     
  0.64000003039836884        -0.22628352554269229     
  0.64100003044586629        -0.21982962182994867     
  0.64200003049336374        -0.35334538163705981     
  0.64300003054086119        -0.28704177290734312     
  0.64400003058835864        -0.41913270615784892     
  0.64500003063585609        -0.36372453720618936     
  0.64600003068335354        -0.43901087025144153     
  0.64700003073085099        -0.35613214012546729     
  0.64800003077834845        -0.28537595238426505     
  0.64900003082584590        -0.48235038617030240     
  0.65000003087334335        -0.38464595702398052     
  0.65100003092084080        -0.40723560344911608     
  0.65200003096833825        -0.43328013428405054     
  0.65300003101583570        -0.37610784171296552     
  0.65400003106333315        -0.37787523101498954     
  0.65500003111083061        -0.49350159208049776     
  0.65600003115832806        -0.38260836342634130     
  0.65700003120582551        -0.53343533853112934     
  0.65800003125332296        -0.42445389485670493     
  0.65900003130082041        -0.55346100938538745     
  0.66000003134831786        -0.62543200711157809     
  0.66100003139581531        -0.59094681294408358     
  0.66200003144331276        -0.47786051379584749     
  0.66300003149081022        -0.47582797732836579     
  0.66400003153830767        -0.54401982400055504     
  0.66500003158580512        -0.49279000240182325     
  0.66600003163330257        -0.57147144477255940     
  0.66700003168080002        -0.54684322029242327     
  0.66800003172829747        -0.70432078981873070     
  0.66900003177579492        -0.65047624681518557     
  0.67000003182329237        -0.67152298162216706     
  0.67100003187078983        -0.58394399440156597     
  0.67200003191828728        -0.64536987196896078     
  0.67300003196578473        -0.68155518122033520     
  0.67400003201328218        -0.57799179188403316     
  0.67500003206077963        -0.62317829200878838     
  0.67600003210827708        -0.64056725968831141     
  0.67700003215577453        -0.62487497649938684     
  0.67800003220327199        -0.79901059881047398     
  0.67900003225076944        -0.82459461354289021     
  0.68000003229826689        -0.78221079887478051     
  0.68100003234576434        -0.67090641718809918     
  0.68200003239326179        -0.70352542569018850     
  0.68300003244075924        -0.77301522638526454     
  0.68400003248825669        -0.87293007402880385     
  0.68500003253575414        -0.69447466046349582     
  0.68600003258325160        -0.73842883112312996     
  0.68700003263074905        -0.83747871688455977     
  0.68800003267824650        -0.77096983345318193     
  0.68900003272574395        -0.82313120735254108     
  0.69000003277324140        -0.85444467487967612     
  0.69100003282073885        -0.80639936229840059     
  0.69200003286823630        -0.91034434969144684     
  0.69300003291573375        -0.87221374713369137     
  0.69400003296323121        -0.94912130094422498     
  0.69500003301072866        -0.87447127045378803     
  0.69600003305822611        -0.79458486626048774     
  0.69700003310572356        -0.95134931524013422     
  0.69800003315322101        -0.96611704878614513     
  0.69900003320071846        -0.92758653049121464     
  0.70000003324821591        -0.81353951699021243     
  0.70100003329571337        -0.82023382007248746     
  0.70200003334321082        -0.87355567350955010     
  0.70300003339070827        -0.96284748772028772     
  0.70400003343820572        -0.98383110419064235     
  0.70500003348570317        -0.95389196902660001     
  0.70600003353320062        -0.88848062226192870     
  0.70700003358069807        -0.88191469349886031     
  0.70800003362819552        -0.94807483644448931     
  0.70900003367569298        -0.99745469448508284     
  0.71000003372319043        -0.91343268813139622     
  0.71100003377068788         -1.0537323829884873     
  0.71200003381818533        -0.89447916958934104     
  0.71300003386568278         -1.0913843047461695     
  0.71400003391318023        -0.99817106177971027     
  0.71500003396067768         -1.0572312168150879     
  0.71600003400817513        -0.96211392669383988     
  0.71700003405567259         -1.0090163831604175     
  0.71800003410317004        -0.99573985105162643     
  0.71900003415066749        -0.98416235757644155     
  0.72000003419816494        -0.97035362315959184     
  0.72100003424566239         -1.1106647141900916     
  0.72200003429315984         -1.0105357109302642     
  0.72300003434065729         -1.1133379327040314     
  0.72400003438815475        -0.97219060331344154     
  0.72500003443565220         -1.0743099769920341     
  0.72600003448314965         -1.0724001537354955     
  0.72700003453064710        -0.97639636945217911     
  0.72800003457814455        -0.97757189328552818     
  0.72900003462564200         -1.0139954639613835     
  0.73000003467313945         -1.0188845048098747     
  0.73100003472063690        -0.98341954952611643     
  0.73200003476813436         -1.0898860513931665     
  0.73300003481563181         -1.0165945584708294     
  0.73400003486312926         -1.1373005771899027     
  0.73500003491062671         -1.1670547763518646     
  0.73600003495812416         -1.1702374548905243     
  0.73700003500562161        -0.99324790926051088     
  0.73800003505311906         -1.0741956237479982     
  0.73900003510061651         -1.1254430649076708     
  0.74000003514811397         -1.0270438261987245     
  0.74100003519561142         -1.0465250554489682     
  0.74200003524310887         -1.1153704034637697     
  0.74300003529060632         -1.0835127465150602     
  0.74400003533810377         -1.1778355625863857     
  0.74500003538560122         -1.0298582271928289     
  0.74600003543309867         -1.1900835480332994     
  0.74700003548059613         -1.1611823902205498     
  0.74800003552809358         -1.1336019262016124     
  0.74900003557559103         -1.1554234171519906     
  0.75000003562308848         -1.1289849281308515     
  0.75100003567058593         -1.0501272196579767     
  0.75200003571808338         -1.0155326645986036     
  0.75300003576558083         -1.1656583177035056     
  0.75400003581307828         -1.1608507809955342     
  0.75500003586057574         -1.0461404580627527     
  0.75600003590807319         -1.0458541722078876     
  0.75700003595557064         -1.0186570443560137     
  0.75800003600306809         -1.1480546392918631     
  0.75900003605056554         -1.0080477128223511     
  0.76000003609806299         -1.0267514923535939     
  0.76100003614556044         -1.1324973322960437     
  0.76200003619305789         -1.1882272989958551     
  0.76300003624055535         -1.0554624864142179     
  0.76400003628805280         -1.1143016894318476     
  0.76500003633555025         -1.0804147707268759     
  0.76600003638304770         -1.0112990287331807     
  0.76700003643054515         -1.0586499611536762     
  0.76800003647804260         -1.1620874617847701     
  0.76900003652554005         -1.1052738617287896     
  0.77000003657303751         -1.0947315911772673     
  0.77100003662053496         -1.1456076403494442     
  0.77200003666803241         -1.0237969576010244     
  0.77300003671552986         -1.1190564391743603     
  0.77400003676302731         -1.0643798078193640     
  0.77500003681052476        -0.97795095399643994     
  0.77600003685802221        -0.96599975077866806     
  0.77700003690551966         -1.0238320261163851     
  0.77800003695301712         -1.0462706350236566     
  0.77900003700051457         -1.1096945597800913     
  0.78000003704801202         -1.1041625216921247     
  0.78100003709550947         -1.0358377117162130     
  0.78200003714300692         -1.0770916261068606     
  0.78300003719050437         -1.0625203749647139     
  0.78400003723800182         -1.0368297126237771     
  0.78500003728549927        -0.95636506193626014     
  0.78600003733299673        -0.90457531962259075     
  0.78700003738049418        -0.99271437011936436     
  0.78800003742799163         -1.0515038989809673     
  0.78900003747548908         -1.0050952782005582     
  0.79000003752298653         -1.0501578098168001     
  0.79100003757048398        -0.99220725878052352     
  0.79200003761798143        -0.91926757281315374     
  0.79300003766547889         -1.0335215305201051     
  0.79400003771297634         -1.0033914812692526     
  0.79500003776047379        -0.98801357842032345     
  0.79600003780797124        -0.96939198236830948     
  0.79700003785546869        -0.87508085809365665     
  0.79800003790296614        -0.88960119840965068     
  0.79900003795046359        -0.83868960201354781     
  0.80000003799796104        -0.85883778451420900     
  0.80100003804545850        -0.94765298593299974     
  0.80200003809295595        -0.86933678700064509     
  0.80300003814045340        -0.94154542596326218     
  0.80400003818795085        -0.79121950704413746     
  0.80500003823544830        -0.78919447510637730     
  0.80600003828294575        -0.94607716277943255     
  0.80700003833044320        -0.91082551588401017     
  0.80800003837794065        -0.89580136085031159     
  0.80900003842543811        -0.84670773574322600     
  0.81000003847293556        -0.77225986131458024     
  0.81100003852043301        -0.72550225068698437     
  0.81200003856793046        -0.80334536358703890     
  0.81300003861542791        -0.75743896538489142     
  0.81400003866292536        -0.74174754869306370     
  0.81500003871042281        -0.81384146055466311     
  0.81600003875792027        -0.73549139643145933     
  0.81700003880541772        -0.76143198640855358     
  0.81800003885291517        -0.79221779100709944     
  0.81900003890041262        -0.82451966195122106     
  0.82000003894791007        -0.67989799683413321     
  0.82100003899540752        -0.69884301871596832     
  0.82200003904290497        -0.67444851159159036     
  0.82300003909040242        -0.70790784299817699     
  0.82400003913789988        -0.73119432086863279     
  0.82500003918539733        -0.59264468779449297     
  0.82600003923289478        -0.66127687202336660     
  0.82700003928039223        -0.59428189315660040     
  0.82800003932788968        -0.57502891980321169     
  0.82900003937538713        -0.66044684202771564     
  0.83000003942288458        -0.62740213417399082     
  0.83100003947038203        -0.64365979129925444     
  0.83200003951787949        -0.70583585482426425     
  0.83300003956537694        -0.51369818552322244     
  0.83400003961287439        -0.63443441767265696     
  0.83500003966037184        -0.56404825771175393     
  0.83600003970786929        -0.60773537030662583     
  0.83700003975536674        -0.55913989458542979     
  0.83800003980286419        -0.56604932527968677     
  0.83900003985036165        -0.46376619640208411     
  0.84000003989785910        -0.55158304111560874     
  0.84100003994535655        -0.61047118737676820     
  0.84200003999285400        -0.59419861802973795     
  0.84300004004035145        -0.45154439513213557     
  0.84400004008784890        -0.48220493756399846     
  0.84500004013534635        -0.45194524726074053     
  0.84600004018284380        -0.54352642723219124     
  0.84700004023034126        -0.39137612361473545     
  0.84800004027783871        -0.39084715401584319     
  0.84900004032533616        -0.40421888209113727     
  0.85000004037283361        -0.32968435395627388     
  0.85100004042033106        -0.46631900195052345     
  0.85200004046782851        -0.34395365485553431     
  0.85300004051532596        -0.39681499737263726     
  0.85400004056282341        -0.44110352994170754     
  0.85500004061032087        -0.32600099906819485     
  0.85600004065781832        -0.41776295296128801     
  0.85700004070531577        -0.34125500833266570     
  0.85800004075281322        -0.38004674081906969     
  0.85900004080031067        -0.25527988307215616     
  0.86000004084780812        -0.36443511388902811     
  0.86100004089530557        -0.33221563417951172     
  0.86200004094280303        -0.31221098263391667     
  0.86300004099030048        -0.25107083367794253     
  0.86400004103779793        -0.25787743952851599     
  0.86500004108529538        -0.24388663339763081     
  0.86600004113279283        -0.25391492433559198     
  0.86700004118029028        -0.28536361272124289     
  0.86800004122778773        -0.22896728034400368     
  0.86900004127528518        -0.22740027760489137     
  0.87000004132278264        -0.17592875331491581     
  0.87100004137028009        -0.17843906368500506     
  0.87200004141777754        -0.22129960344002014     
  0.87300004146527499        -0.16322946130672120     
  0.87400004151277244         -6.3201455728863279E-002
  0.87500004156026989         -4.3737633789388761E-002
  0.87600004160776734         -9.9900993659713583E-002
  0.87700004165526479         -2.2431863856148447E-002
  0.87800004170276225        -0.15021806841765512     
  0.87900004175025970        -0.13832430718227173     
  0.88000004179775715         -2.4665404480184852E-002
  0.88100004184525460         -1.1006494578553952E-002
  0.88200004189275205          6.9900252847993560E-002
  0.88300004194024950         -1.5675157605379197E-002
  0.88400004198774695          6.6755836148603781E-002
  0.88500004203524441          9.8733370381962379E-002
  0.88600004208274186          5.9151994024616149E-002
  0.88700004213023931          6.2007633370554163E-002
  0.88800004217773676          6.9446080290152840E-002
  0.88900004222523421          9.8382469439768125E-002
  0.89000004227273166          7.4569243050558745E-002
  0.89100004232022911         0.15301347718105021     
  0.89200004236772656         0.16937478156357977     
  0.89300004241522402          8.8815022654759393E-002
  0.89400004246272147         0.21792124145715733     
  0.89500004251021892         0.19793577689796804     
  0.89600004255771637         0.22255211125508173     
  0.89700004260521382         0.12886905871853305     
  0.89800004265271127         0.26997481528344680     
  0.89900004270020872         0.23128259375297847     
  0.90000004274770617         0.28344040284281286     
  0.90100004279520363         0.24106007469261970     
  0.90200004284270108         0.31663506598603741     
  0.90300004289019853         0.31782511668753338     
  0.90400004293769598         0.21548822447537250     
  0.90500004298519343         0.25055485207115297     
  0.90600004303269088         0.37203047431681441     
  0.90700004308018833         0.34643055051823712     
  0.90800004312768579         0.23003862781595422     
  0.90900004317518324         0.41190210378705983     
  0.91000004322268069         0.24075522833694546     
  0.91100004327017814         0.32409216589109685     
  0.91200004331767559         0.44692467520242657     
  0.91300004336517304         0.33265195596398528     
  0.91400004341267049         0.37997011681687370     
  0.91500004346016794         0.30557578400634805     
  0.91600004350766540         0.45788541490168366     
  0.91700004355516285         0.50223411427685227     
  0.91800004360266030         0.35512917808308847     
  0.91900004365015775         0.38336142148237318     
  0.92000004369765520         0.46878822676902310     
  0.92100004374515265         0.41646405912058948     
  0.92200004379265010         0.40618945148699537     
  0.92300004384014755         0.37275873189052494     
  0.92400004388764501         0.43146145223170640     
  0.92500004393514246         0.48362917592965315     
  0.92600004398263991         0.43462071333362745     
  0.92700004403013736         0.47732811307896633     
  0.92800004407763481         0.57499044905469665     
  0.92900004412513226         0.51401215997156435     
  0.93000004417262971         0.61944747689780699     
  0.93100004422012717         0.50385571443876209     
  0.93200004426762462         0.47800817849031851     
  0.93300004431512207         0.50092639093779390     
  0.93400004436261952         0.67249394260091166     
  0.93500004441011697         0.56051100685437061     
  0.93600004445761442         0.60807226137075998     
  0.93700004450511187         0.53085618635945553     
  0.93800004455260932         0.56247672229790768     
  0.93900004460010678         0.67578172704649164     
  0.94000004464760423         0.54807566632453164     
  0.94100004469510168         0.65866778580693486     
  0.94200004474259913         0.58177566130932390     
  0.94300004479009658         0.61490621659663214     
  0.94400004483759403         0.57836029798153155     
  0.94500004488509148         0.69038938259335181     
  0.94600004493258893         0.72686540997748417     
  0.94700004498008639         0.58714624680516714     
  0.94800004502758384         0.60141013993921266     
  0.94900004507508129         0.69546500322354976     
  0.95000004512257874         0.74350844204404398     
  0.95100004517007619         0.80503524870316057     
  0.95200004521757364         0.62796801922592105     
  0.95300004526507109         0.76785879507229016     
  0.95400004531256855         0.80589687373038676     
  0.95500004536006600         0.81050053133631439     
  0.95600004540756345         0.70544574910589553     
  0.95700004545506090         0.81131530583278255     
  0.95800004550255835         0.78193673131821584     
  0.95900004555005580         0.71226288770423130     
  0.96000004559755325         0.69220300304181215     
  0.96100004564505070         0.84443483736296265     
  0.96200004569254816         0.82839627550883743     
  0.96300004574004561         0.83326901867330105     
  0.96400004578754306         0.85140478946850018     
  0.96500004583504051         0.75417694013487380     
  0.96600004588253796         0.72673309206297032     
  0.96700004593003541         0.76039229526664376     
  0.96800004597753286         0.76886968253356769     
  0.96900004602503031         0.77464410423713415     
  0.97000004607252777         0.79444175101186554     
  0.97100004612002522         0.75744223466857352     
  0.97200004616752267         0.79800064958797545     
  0.97300004621502012         0.83415971990319249     
  0.97400004626251757         0.82234021576683625     
  0.97500004631001502         0.93664387404451377     
  0.97600004635751247         0.91650364976855625     
  0.97700004640500993         0.82192823393560510     
  0.97800004645250738         0.82897308668298098     
  0.97900004650000483         0.91219493865857948     
  0.98000004654750228         0.85548471829806105     
  0.98100004659499973         0.92156934454797979     
  0.98200004664249718         0.97195363883858144     
  0.98300004668999463         0.92464142418446160     
  0.98400004673749208         0.87892979284039729     
  0.98500004678498954         0.92792245734447065     
  0.98600004683248699         0.87250623833276453     
  0.98700004687998444         0.82339340504068703     
  0.98800004692748189         0.92763823507979215     
  0.98900004697497934         0.93342787058385268     
  0.99000004702247679         0.82695119745690671     
  0.99100004706997424         0.88848598913758070     
  0.99200004711747169         0.95127315907886012     
  0.99300004716496915         0.90063364719254579     
  0.99400004721246660         0.92763287246525850     
  0.99500004725996405         0.87241008810858656     
  0.99600004730746150         0.95868983524299467     
  0.99700004735495895         0.92598275397774699     
  0.99800004740245640         0.93277261249231824     
  0.99900004744995385         0.81585370247978273     
   1.0000000474974513         0.97990980185523535     
